1,22896
1,23735
1,23255
1,2467
1,22805
1,22086
1,23471
1,22825
1,23233
1,23775
1,22268
1,2344
1,22361
1,22666
1,23899
1,22719
1,23278
1,24384
1,2381
1,24545
1,22858
1,22316
1,23165
1,22378
1,24675
1,23255
1,23353
1,22679
1,23339
1,22479
1,24522
1,23191
1,2288
1,23476
1,2406
1,23604
1,23472
1,22256
1,23889
1,22922
1,22723
1,23676
1,22595
1,23923
1,23192
1,24041
1,24008
1,23093
1,22701
1,23406
1,23141
1,22409
1,22829
1,22516
1,2308
1,2228
1,22093
1,23357
1,23165
1,21782
1,2374
1,23276
1,23145
1,23907
1,22906
1,23194
1,2313
1,23341
1,22904
1,22546
1,21547
1,22019
1,22331
1,22057
1,22322
1,23273
1,23257
1,23347
1,23078
1,23183
1,22708
1,22268
1,22404
1,229
1,23843
1,24282
1,23359
1,23219
1,22207
1,22859
1,22563
1,218
1,23896
1,22079
1,21876
1,24029
1,22518
1,24048
1,22613
1,22163
