1.14255
1.14961
1.13266
1.14488
1.13384
1.12155
1.13469
1.13356
1.12712
1.13552
1.13304
1.13119
1.12768
1.12704
1.12192
1.12682
1.1309
1.13147
1.13057
1.14281
1.14027
1.13721
1.13678
1.15051
1.13514
1.13782
1.13572
1.14213
1.13054
1.13332
1.14144
1.13253
1.13398
1.12619
1.13321
1.13456
1.13541
1.13786
1.12869
1.13817
1.13367
1.14098
1.12608
1.13231
1.13769
1.13801
1.1368
1.13359
1.12389
1.14442
1.13551
1.14054
1.12954
1.13356
1.13405
1.12657
1.13713
1.13487
1.13146
1.13327
1.13845
1.13601
1.13157
1.13199
1.14658
1.13481
1.12424
1.13183
1.12577
1.13088
1.1418
1.14156
1.1235
1.13373
1.13905
1.12993
1.13776
1.14025
1.13416
1.13494
1.13011
1.14511
1.13155
1.14122
1.13708
1.13418
1.13041
1.13299
1.13624
1.1297
1.1311
1.12828
1.12723
1.1289
1.13753
1.12487
1.11844
1.11553
1.12008
1.11621
