0.234732
0.236471
0.243065
0.234847
0.230505
0.238121
0.233226
0.231937
0.233236
0.234157
0.232513
0.233855
0.229482
0.231851
0.232046
0.232521
0.23131
0.229045
0.232857
0.230503
0.229836
0.229246
0.230982
0.232563
0.230669
0.231371
0.232936
0.231488
0.231537
0.235277
0.252917
0.231366
0.230916
0.234764
0.235538
0.233128
0.237692
0.235884
0.239373
0.234548
0.250604
0.240556
0.233761
0.236247
0.228813
0.230299
0.229742
0.24908
0.227487
0.227539
0.228915
0.236879
0.228559
0.227128
0.227519
0.232295
0.233271
0.228708
0.228687
0.229824
0.234537
0.229768
0.22916
0.227565
0.232374
0.228768
0.228537
0.229097
0.227816
0.228358
0.227223
0.230273
0.228058
0.228487
0.228883
0.225514
0.227519
0.225201
0.231321
0.234875
0.230382
0.229458
0.235294
0.231065
0.230329
0.22826
0.231456
0.227237
0.237152
0.229984
0.227767
0.232966
0.230557
0.229284
0.227188
0.228012
0.227608
0.230216
0.227399
0.230292
