0.123771
0.458362
0.480887
6.23815
0.428702
0.323517
2.04381
0.281953
0.0309163
0.167619
0.106203
0.312732
0.472586
0.482765
0.146887
0.323654
0.0935085
0.38459
0.971747
0.0403055
0.437943
0.303755
0.340785
0.830327
0.0886682
0.109435
0.129684
0.0737452
0.097782
0.206408
0.293157
0.30621
0.192033
0.158298
0.120566
0.674953
0.396054
0.147331
0.3568
0.188386
0.541752
0.184444
0.237065
0.234498
0.420513
0.398063
0.329109
0.193295
0.199235
0.703876
1.28741
0.466126
0.650233
0.765095
1.15568
0.132195
0.255323
0.799059
0.0944734
0.565709
0.082538
0.0384086
0.290608
0.13272
0.0892473
0.535541
0.108111
0.0739609
0.073192
0.309601
0.211984
0.0303289
0.396178
0.0523488
0.03299
0.352413
0.414582
0.180719
0.458352
0.133097
0.432966
1.22854
0.160602
1.49612
0.130687
0.835812
0.268552
0.539949
0.366968
0.216298
0.0465049
0.408038
0.60487
0.342564
0.243365
0.190561
1.08949
0.443748
0.121
0.0888434
