11.9308
11.8485
11.7092
11.7716
11.8107
11.8661
11.8277
11.855
11.8849
11.7919
11.7862
11.7939
11.7147
11.792
11.7711
11.7398
11.7034
11.7384
11.7205
11.6638
11.7325
11.9208
11.8875
11.9649
13.2077
12.0829
11.6601
11.7103
11.7572
11.7737
11.7356
11.7085
11.8096
11.8385
11.7368
11.7676
11.7203
11.7206
11.6834
11.7858
11.6925
11.8223
11.7464
11.7149
11.8063
11.7626
11.7365
11.8051
11.7044
11.8362
11.7773
11.7475
11.7346
11.7262
11.8262
11.7952
11.7169
11.7878
11.7777
11.7894
11.802
11.7873
11.765
11.8563
11.7702
11.7818
11.8742
11.7695
11.7253
11.8593
11.8264
11.8073
11.8006
11.8581
11.8315
11.7833
11.8245
11.7543
11.8588
11.9795
11.8437
11.8772
11.8162
11.7971
11.9507
11.9576
11.9431
11.8426
11.8911
11.8214
11.9025
11.8724
11.8553
11.8349
11.9149
11.8098
11.8818
11.8415
11.8871
11.7913
