0.882181
1.66229
2.57974
5.21
2.73532
2.30457
1.83774
2.53808
0.491381
1.58903
2.75261
1.6018
2.65443
1.78329
2.01389
2.19481
0.600551
0.60703
2.83027
1.21473
0.998067
6.00923
1.1448
0.834405
20.7396
2.13357
2.14753
1.19512
0.184547
11.8957
2.03768
1.10077
0.901289
0.854242
2.55967
5.08354
0.327815
7.22597
0.0553904
0.409113
0.352142
0.280467
4.36135
2.66761
1.18491
2.70197
0.219026
3.32565
2.62676
0.265581
2.92015
2.074
0.933932
1.69764
2.4329
0.472059
1.42389
1.21564
1.49319
1.75437
1.37502
0.225608
0.521198
0.389603
0.669736
0.655304
2.33638
2.70912
2.98308
2.05623
0.132379
0.222238
5.0676
2.05707
7.02879
1.51453
1.71669
0.49938
9.27188
3.74521
0.181417
1.99498
0.446059
2.9159
8.1954
0.26445
0.341514
0.943508
0.646045
1.04391
0.351635
0.861796
4.19623
0.869665
0.277092
0.590868
3.43502
3.04373
2.18995
0.588516
