31.5137
5.03465
44.3559
8.42007
13.1229
2.67899
141.611
35.9601
100.475
5.4758
5.5798
3.81499
9.46202
103.363
10.5486
4.16109
0.922273
39.5839
26.4787
18.2315
114.578
12.968
6.21681
18.6935
41.883
8.8376
26.4426
45.3321
19.9733
12.7911
9.48886
234.602
15.9578
10.6284
8.59989
16.6706
31.8862
47.3959
14.687
9.99917
3.61521
31.8644
6.03448
36.006
21.7221
16.7064
24.3829
24.4895
1.03861
42.5793
82.8052
15.8009
4.1063
6.79598
64.3807
8.24231
10.936
23.5415
96.2946
1.79419
21.709
6.93887
52.4927
40.2933
8.6173
17.7564
338.319
3.97727
22.4142
53.2877
15.0229
92.6907
28.3076
5.7216
47.0135
10.9906
14.7235
14.4315
30.5793
20.6675
9.9731
23.3993
11.1453
55.0773
3.69385
8.6012
14.3595
17.2333
49.5182
28.3453
10.2082
10.3846
57.9171
135.721
29.542
6.10103
19.8125
83.508
34.6776
41.8029
