0.153504
0.0331362
0.116536
0.0734658
0.136577
0.0261202
0.135912
0.0187818
0.0558691
0.37252
0.263333
0.109822
0.0560053
0.0636863
0.237815
0.468496
0.0723879
0.166614
0.0097604
0.0237307
0.242213
0.036979
0.221701
0.0487782
0.257794
0.0610615
0.0374102
0.218617
0.0311145
0.104675
0.0155856
0.163574
0.0133907
0.0468208
0.0784687
0.293282
0.0733673
0.0423354
0.310391
0.0159141
0.0287791
0.108658
0.0358672
0.0919217
0.0978269
0.0637828
0.100298
0.281157
0.0748669
0.0232317
0.115734
0.123004
0.0577915
0.450767
0.130883
0.0105503
0.0361033
0.404751
0.149577
0.0214409
0.0516621
0.11413
0.183828
0.228485
0.0358292
0.119521
0.0285784
0.472539
0.168483
0.0340531
0.0287081
0.0918596
0.0465179
0.348084
0.263018
0.117373
0.0295692
0.0532916
0.102457
0.0306275
0.0269431
0.0506964
0.492519
0.0618189
0.15606
0.053045
0.0657376
0.0946607
0.317133
0.211283
0.267555
0.0161472
0.0697497
0.0307993
0.145177
0.217099
0.174893
0.136994
0.118028
0.188856
