2.4728
2.49966
2.48197
2.5108
2.50426
2.48871
2.47889
2.4604
2.48975
2.48407
2.46318
2.47045
2.46515
2.46676
2.46903
2.49446
2.4722
2.46215
2.48321
2.46776
2.46092
2.4707
2.46273
2.47007
2.46978
2.46507
2.55287
2.47535
2.54986
2.5794
2.51684
2.51054
2.51691
2.48759
2.51529
2.54348
2.49759
2.51087
2.49335
2.58613
2.48048
2.50517
2.54809
2.48644
2.51671
2.49435
2.47556
2.49517
2.47938
2.5376
2.48584
2.48797
2.4615
2.46684
2.47795
2.45869
2.46267
2.45872
2.50148
2.44969
2.45926
2.45951
2.44893
2.46202
2.43428
2.45818
2.44814
2.4521
2.45913
2.44445
2.4444
2.47496
2.47367
2.45919
2.50401
2.45161
2.456
2.47957
2.44675
2.44627
2.44423
2.44694
2.45045
2.44811
2.48125
2.44984
2.45208
2.46533
2.45856
2.46126
2.43547
2.46006
2.42995
2.46075
2.44729
2.46715
2.44811
2.44214
2.44815
2.47799
