5.43803
5.46805
5.44258
5.42196
5.4031
5.42901
5.41023
5.43012
5.47256
5.45091
5.4154
5.41122
5.45251
5.40935
5.36016
5.40668
5.44456
5.40341
5.42771
5.40526
5.42105
5.39549
5.44968
5.57167
5.50014
5.54741
5.46705
5.5959
5.53053
5.43835
5.44117
5.44272
5.43372
5.65378
5.69341
5.55839
5.59615
5.61858
5.38149
5.4134
5.38415
5.40604
5.38829
5.42332
5.42817
5.45424
5.3928
5.41124
5.40457
5.38164
5.40269
5.38219
5.38277
5.38553
5.42146
5.43049
5.38445
5.42672
5.38235
5.38183
5.3841
5.39335
5.40886
5.35952
5.36997
5.4183
5.394
5.42494
5.39101
5.37438
5.40679
5.43379
5.37848
5.39329
5.36274
5.37874
5.378
5.38043
5.40107
5.38204
5.40055
5.3892
5.4643
5.45528
5.47788
5.4189
5.41809
5.65072
5.41484
5.44316
5.41196
5.49518
5.40898
5.40295
5.36405
5.38643
5.40398
5.41985
5.39211
5.37634
