31.2144
9.38597
41.3558
2.1036
4.6759
5.0987
9.95574
6.68352
23.3317
10.2365
7.29958
6.42864
6.18372
6.33756
0.625616
3.7784
2.39081
3.67203
1.36605
9.18008
0.381048
5.90518
2.26526
1.05582
34.606
4.98148
12.4463
10.2736
11.5945
15.2816
1.80943
7.11651
6.07133
2.43296
22.0554
48.9447
8.51959
10.8072
2.35683
59.5163
6.32152
0.625776
15.8718
6.76422
19.4551
3.43099
1.83212
22.0734
0.98939
19.9788
20.0699
5.76592
0.996024
2.31071
3.57599
7.04486
4.63477
5.5156
4.7121
19.9475
13.2455
16.7781
5.85032
2.40147
7.59772
35.0126
19.6871
26.2062
17.6596
3.45872
1.09567
2.32927
29.1409
23.7051
3.13601
2.77974
4.22324
24.0825
2.22086
22.8973
1.15027
3.52105
8.39104
1.64116
2.51836
2.9169
0.926144
35.756
35.1264
3.51205
19.4524
3.50197
36.445
37.0759
1.96854
5.30634
4.41026
1.86409
3.31978
3.27347
