0.0018867
0.0017323
0.0017262
0.00171
0.0017102
0.0017386
0.0017378
0.0017154
0.0017418
0.0017442
0.0017613
0.0017057
0.0016994
0.0017713
0.001728
0.0017467
0.001705
0.0018449
0.0018192
0.0017352
0.0017191
0.0017664
0.0017098
0.0017288
0.0017018
0.0018635
0.001745
0.001731
0.0017178
0.0017024
0.0017125
0.0017284
0.0017639
0.00171
0.0017355
0.0017031
0.0017435
0.0018147
0.0017024
0.0017058
0.0017591
0.0017089
0.0018173
0.0017438
0.0017234
0.0017016
0.001706
0.0017482
0.0017496
0.0017275
0.0018013
0.0017065
0.0017173
0.0017085
0.001738
0.0017568
0.0016943
0.0017304
0.0017165
0.0019126
0.0016984
0.0017133
0.0017131
0.0018103
0.0018188
0.0017926
0.0016988
0.0018318
0.0017246
0.0017434
0.0017184
0.0017062
0.0017533
0.0017341
0.0017277
0.0018378
0.0016952
0.001739
0.0017231
0.0018372
0.0016994
0.0017156
0.0017125
0.0017193
0.0017649
0.0017529
0.0017092
0.0017531
0.0017259
0.0017158
0.001715
0.0017074
0.0017755
0.0017034
0.0016992
0.0017044
0.0017206
0.0017041
0.0017953
0.0017188
