0.514917
0.514731
0.517166
0.516791
0.511726
0.514518
0.515795
0.514048
0.510661
0.509746
0.512951
0.511604
0.512257
0.514483
0.512831
0.511263
0.511393
0.509198
0.51318
0.510014
0.510296
0.508322
0.509503
0.512546
0.507602
0.504128
0.506186
0.504605
0.504473
0.502206
0.503358
0.499388
0.503881
0.503373
0.508853
0.50783
0.501885
0.504001
0.505694
0.503819
0.503797
0.497535
0.4983
0.499863
0.498504
0.495672
0.494905
0.494968
0.495383
0.491515
0.495574
0.492692
0.505355
0.510929
0.509499
0.511354
0.512161
0.507568
0.509597
0.503311
0.505847
0.510525
0.510264
0.499266
0.497401
0.500394
0.498754
0.501546
0.504781
0.508589
0.50298
0.504191
0.497991
0.501286
0.506504
0.510002
0.509548
0.509838
0.506218
0.505599
0.505219
0.50722
0.505722
0.506291
0.507452
0.506813
0.51338
0.504674
0.505413
0.50562
0.503934
0.504192
0.508727
0.506666
0.505809
0.507454
0.503525
0.497038
0.506314
0.504304
