0.0140691
0.0134299
0.0136226
0.0135517
0.0133704
0.0131813
0.013173
0.0132548
0.0131702
0.0131591
0.01357
0.0131968
0.0129183
0.0128677
0.0128369
0.0131343
0.0129603
0.0137083
0.0135937
0.0132564
0.013221
0.0132273
0.0132747
0.0132917
0.0132907
0.0132327
0.013314
0.013351
0.0132905
0.0133296
0.0132825
0.0132772
0.0137791
0.0134017
0.0132657
0.0132317
0.0131333
0.0133153
0.0132087
0.0131726
0.013472
0.0131524
0.0132441
0.0132093
0.0132368
0.0134355
0.0132466
0.0136324
0.0134544
0.0137518
0.0133052
0.0136222
0.0132464
0.0134756
0.0132299
0.0132337
0.0133374
0.0134186
0.0134017
0.0134165
0.0132545
0.013033
0.013718
0.0136048
0.013377
0.013471
0.0133141
0.0133452
0.0132893
0.0132001
0.0132954
0.0132399
0.0130273
0.012978
0.0131288
0.0129594
0.0131566
0.013698
0.0134019
0.013269
0.0131125
0.0133116
0.0132205
0.0133207
0.0132868
0.0137027
0.0130034
0.0131866
0.0131038
0.0132102
0.0132748
0.0132222
0.0142114
0.0133927
0.0135749
0.0132712
0.0131351
0.0133153
0.0131621
0.0135591
