0.0007273
0.0013049
0.00081
0.0064972
0.0005412
0.0014117
0.0003504
0.001219
0.0003072
0.0005555
0.0006616
0.000883
0.0002478
0.0004499
0.0014398
0.0004555
0.0004771
0.0017389
0.0012001
0.0005673
0.0002527
0.0023416
0.0022396
0.0008918
0.0002453
0.0007292
0.000913
0.0004018
0.0009708
0.0027481
0.0028151
0.0007099
0.0018017
0.0016875
0.0007537
0.0019622
0.0003272
0.0009465
0.0003538
0.0005895
0.0007238
0.0010303
0.000488
0.0027324
0.0019482
0.0013893
0.0015205
0.0006744
0.0007615
0.0007056
0.0008642
0.0020884
0.001576
0.0039502
0.0003391
0.0036863
0.0017495
0.0036675
0.0002389
0.0008405
0.0006575
0.0010017
0.0006582
0.0006136
0.0004983
0.0011452
0.0006443
0.0020072
0.0009305
0.0002169
0.0028842
0.0018033
0.0016626
0.0024563
0.0011277
0.0019082
0.0015371
0.0024213
0.00031
0.0003508
0.0003459
0.0008728
0.0014099
0.0011739
0.0006709
0.0022409
0.0013681
0.0010083
0.001153
0.0023737
0.0014616
0.0007011
0.0006134
0.0003953
0.0004285
0.0009113
0.0024209
0.0004071
0.0012027
0.0008589
