7.09e-05
7.28e-05
6.12e-05
3.9e-05
3.86e-05
3.86e-05
3.86e-05
3.88e-05
3.88e-05
4.3e-05
5.19e-05
3.85e-05
3.87e-05
5.87e-05
3.87e-05
3.86e-05
3.85e-05
3.85e-05
3.86e-05
3.86e-05
3.85e-05
4.16e-05
3.85e-05
5.86e-05
3.98e-05
5.87e-05
3.87e-05
3.92e-05
5.56e-05
3.86e-05
3.84e-05
5.87e-05
3.85e-05
3.84e-05
5.88e-05
3.85e-05
3.85e-05
3.87e-05
5.86e-05
3.84e-05
3.85e-05
3.88e-05
3.87e-05
3.88e-05
3.88e-05
3.93e-05
3.9e-05
3.85e-05
3.86e-05
3.86e-05
3.83e-05
3.86e-05
4.01e-05
3.86e-05
3.83e-05
3.85e-05
3.82e-05
3.85e-05
3.83e-05
3.86e-05
3.85e-05
4.12e-05
3.92e-05
3.89e-05
3.88e-05
3.86e-05
3.86e-05
3.86e-05
4.36e-05
3.86e-05
4.7e-05
3.87e-05
3.89e-05
3.88e-05
3.87e-05
3.86e-05
3.87e-05
3.87e-05
3.86e-05
3.88e-05
3.97e-05
3.88e-05
3.85e-05
3.85e-05
3.85e-05
3.84e-05
3.86e-05
3.85e-05
3.84e-05
3.84e-05
3.85e-05
3.86e-05
4.19e-05
3.88e-05
3.86e-05
3.86e-05
3.88e-05
3.86e-05
3.87e-05
3.83e-05
