7.51e-05
4.59e-05
7.09e-05
3.59e-05
4.19e-05
2.84e-05
8.36e-05
0.0001167
5e-05
3.11e-05
4.55e-05
3.29e-05
0.0001045
4.93e-05
7.84e-05
7.85e-05
3.77e-05
6.91e-05
2.77e-05
4.61e-05
6.13e-05
7.32e-05
9.97e-05
2.45e-05
7.38e-05
2.42e-05
5.57e-05
5.04e-05
5.65e-05
4.61e-05
2.71e-05
6.69e-05
2.98e-05
5.31e-05
3.76e-05
3.14e-05
7.77e-05
3.76e-05
5.17e-05
5.57e-05
3.08e-05
4.78e-05
7.71e-05
9.13e-05
4.22e-05
4.35e-05
9e-05
4.08e-05
5.7e-05
4.72e-05
8.07e-05
6.55e-05
6.81e-05
5.26e-05
6.89e-05
5.99e-05
5.42e-05
3.66e-05
6e-05
6.43e-05
0.0001257
7.74e-05
3.78e-05
4.48e-05
7.31e-05
6.38e-05
2.46e-05
5.9e-05
3.58e-05
2.19e-05
7.15e-05
5.05e-05
4.17e-05
3.31e-05
7.92e-05
4.06e-05
2.59e-05
6.33e-05
6.45e-05
5.92e-05
7.74e-05
1.93e-05
4.34e-05
2.76e-05
6e-05
5.34e-05
4.63e-05
4.1e-05
1.82e-05
5.04e-05
5.91e-05
0.0001277
0.0001102
3.09e-05
8.24e-05
6.55e-05
3.3e-05
0.0001414
9.4e-05
6.87e-05
