0.0001654
0.0001633
0.0001593
0.000166
0.0001597
0.000161
0.0001606
0.0001591
0.0001611
0.0001608
0.0001643
0.0001599
0.0001606
0.0001589
0.0001816
0.0001676
0.000159
0.0001598
0.0001577
0.0001602
0.000164
0.0001583
0.0001609
0.0001616
0.0001581
0.0001504
0.0001508
0.0001596
0.0001595
0.0001602
0.000161
0.0001587
0.0001645
0.0001602
0.0001598
0.0001608
0.0001616
0.000186
0.0001573
0.0001968
0.0001809
0.0001808
0.0001624
0.0001791
0.0001638
0.0001808
0.0001601
0.0001913
0.000161
0.0001506
0.0001764
0.0001852
0.0001609
0.000152
0.0001523
0.0001545
0.0001524
0.0001725
0.0001719
0.0001513
0.0001505
0.0001514
0.000152
0.0001512
0.0001773
0.0001546
0.0001499
0.0001517
0.000152
0.0001511
0.0001496
0.0001519
0.000151
0.0001551
0.0001518
0.0001514
0.0001516
0.0001522
0.0001539
0.0001504
0.000151
0.0001644
0.0001512
0.0001512
0.0001514
0.0001519
0.0001557
0.0001499
0.0001494
0.0001504
0.0001513
0.0001518
0.0001521
0.00015
0.0001603
0.0001525
0.0001517
0.0001514
0.0001531
0.0001519
