0.0016519
0.0016438
0.0016502
0.0016442
0.001644
0.0016426
0.0016707
0.0016316
0.0016536
0.0018151
0.001677
0.0018008
0.0016441
0.001655
0.0016418
0.0016574
0.0016477
0.0016575
0.0017535
0.0016467
0.0016879
0.0016858
0.0016443
0.0016688
0.0018283
0.0016906
0.0016493
0.0016465
0.0016537
0.0016479
0.0016464
0.0016107
0.0016428
0.0016498
0.0016376
0.0016122
0.0016306
0.0016425
0.0016365
0.0016098
0.0016428
0.0017254
0.0016487
0.0016368
0.0016303
0.00161
0.0016342
0.0016393
0.0016089
0.0017131
0.001719
0.001661
0.0016618
0.0016271
0.0016754
0.0016408
0.0016559
0.0017282
0.0017104
0.0016125
0.0016694
0.0016462
0.0016391
0.0016306
0.0016091
0.0016114
0.0017542
0.0018034
0.0016317
0.0016118
0.0016403
0.0016087
0.0016325
0.0016073
0.0016858
0.0016668
0.0017023
0.0016788
0.0016718
0.0016636
0.0016557
0.0016464
0.0016459
0.0016525
0.0016082
0.0017008
0.0016117
0.0016336
0.0016339
0.0016085
0.0016374
0.0016066
0.0016715
0.0016166
0.0016336
0.001633
0.0016079
0.0016085
0.0016547
0.0016131
