0.0386449
0.0026832
0.0074757
0.0033802
0.006822
0.014361
0.0084068
0.0110139
0.0038841
0.0015479
0.0031939
0.0040887
0.0026466
0.0085087
0.0310854
0.0105736
0.0038416
0.0070039
0.007189
0.0217509
0.0207663
0.0041879
0.0026696
0.0130374
0.0085609
0.01359
0.0102743
0.0066215
0.0049032
0.0079088
0.0097456
0.0045664
0.0065718
0.0110022
0.0044243
0.0077064
0.0017274
0.0071649
0.0016593
0.013034
0.0063759
0.0070852
0.0054533
0.0158555
0.003683
0.013522
0.0112469
0.0086358
0.0029694
0.0139282
0.0364017
0.03528
0.0169137
0.0044462
0.0018062
0.0096406
0.0255614
0.0047824
0.0033806
0.005089
0.0086238
0.000818
0.0250753
0.0064588
0.0118567
0.0066829
0.0078992
0.0267836
0.0031372
0.0057157
0.0025165
0.0037983
0.0065571
0.015739
0.004363
0.0043588
0.0299096
0.0039624
0.0147452
0.0022604
0.001947
0.0143955
0.003575
0.0156437
0.0055024
0.0047435
0.0114946
0.0215635
0.0649655
0.0012911
0.0088499
0.022032
0.0267324
0.0048745
0.0045738
0.0013886
0.0038808
0.0036754
0.0399286
0.0017942
