13.7155
13.7254
13.7497
13.782
13.765
13.7371
13.7041
14.3697
13.8523
13.977
13.9421
13.9045
13.9037
13.9039
13.8756
13.8576
14.0605
13.938
13.9128
13.8513
13.9053
13.9424
13.8845
13.896
13.8905
13.8826
13.9204
13.969
13.9951
13.9014
14.0356
13.905
13.9151
14.0344
14.1161
14.0465
14.3929
13.7615
13.7713
13.8203
13.7882
13.7661
13.7338
13.7162
13.7421
13.702
13.702
13.7396
13.7447
13.7327
13.757
13.6967
13.7003
13.7163
13.6959
13.6773
13.7573
13.6993
13.7246
13.817
13.7464
13.8469
13.9163
13.8727
13.7391
13.7416
13.8266
13.7446
13.7712
13.7454
13.7367
13.7071
13.6973
13.7724
13.8647
13.8757
13.834
13.8582
13.8103
13.7676
13.7389
13.779
13.7701
13.7563
13.7118
13.6959
13.7575
13.7309
13.794
13.7712
13.6731
13.7024
13.6027
13.4287
13.6609
13.7377
13.6241
13.6817
13.6899
13.5419
