2.35e-05
2.63e-05
7.8e-06
2.36e-05
2.22e-05
3.33e-05
2.11e-05
1.85e-05
4.66e-05
1.25e-05
2.11e-05
2.75e-05
1.87e-05
2.72e-05
1.85e-05
2.39e-05
5.1e-06
1.9e-05
1.25e-05
3.84e-05
2.33e-05
2.01e-05
2.19e-05
1.78e-05
2.37e-05
3.13e-05
3.53e-05
2.53e-05
1.22e-05
3.25e-05
4.15e-05
3.1e-05
1.22e-05
1.81e-05
4.25e-05
2.18e-05
2.12e-05
3.44e-05
2.97e-05
2e-05
1.75e-05
1.45e-05
2.83e-05
1.81e-05
1.91e-05
2.6e-05
2.13e-05
2.03e-05
1.67e-05
3.38e-05
2.13e-05
1.41e-05
2.1e-05
1.88e-05
2.84e-05
2.15e-05
3.89e-05
2.09e-05
1.39e-05
2.52e-05
2.18e-05
8.5e-06
2.88e-05
2.32e-05
2.35e-05
2.24e-05
1.69e-05
1.25e-05
1.17e-05
1.47e-05
1.54e-05
3.37e-05
3e-05
2.81e-05
1.75e-05
2.38e-05
2.03e-05
2.05e-05
1.91e-05
2.43e-05
2.26e-05
2.84e-05
2.48e-05
2.45e-05
1.19e-05
1.56e-05
2.34e-05
1.57e-05
1.16e-05
3.54e-05
2.22e-05
2.83e-05
2.18e-05
9.9e-06
1.91e-05
2.17e-05
1.74e-05
1.14e-05
2.51e-05
2.46e-05
