0.0003656
0.0003401
0.0003446
0.0003403
0.0003456
0.0003433
0.0003442
0.0003415
0.0003411
0.0003431
0.0003595
0.0003464
0.000339
0.0003933
0.0003426
0.00034
0.0003524
0.0003434
0.0003455
0.000343
0.0003402
0.0003474
0.0003453
0.0003506
0.0003449
0.0003482
0.0003439
0.0003448
0.0003461
0.0003432
0.0003523
0.0003411
0.0003437
0.0003455
0.0003396
0.0003484
0.0003467
0.00037
0.0004622
0.0003468
0.0003538
0.0003453
0.000346
0.0003512
0.0003501
0.000352
0.0003447
0.0003486
0.0003768
0.0003477
0.0003805
0.0003913
0.0003459
0.0003845
0.0003434
0.0003577
0.0003601
0.0003417
0.0003403
0.0003471
0.0003421
0.0003474
0.000341
0.0003435
0.0003486
0.0003482
0.0003507
0.0003423
0.0003413
0.0003425
0.000339
0.0003488
0.0003435
0.0003474
0.0003419
0.0003418
0.0003436
0.0003427
0.0003471
0.0003393
0.0003438
0.0003428
0.0003426
0.0003505
0.0003424
0.0003458
0.0003396
0.0003456
0.0003432
0.0003386
0.0003493
0.0003448
0.0003449
0.0003432
0.0003482
0.0003438
0.0003419
0.0003475
0.0003437
0.0003493
