0.0008115
0.0007741
0.0007847
0.0007744
0.0008009
0.0007786
0.0007779
0.0007754
0.0007817
0.0007833
0.0007862
0.0007785
0.0007839
0.0007804
0.0007982
0.0007757
0.000782
0.0007673
0.0007682
0.0007766
0.0007797
0.0007727
0.0007727
0.0007714
0.0007785
0.0007591
0.0007716
0.0007702
0.0007756
0.0007764
0.0007748
0.0007702
0.0007613
0.0007678
0.0007829
0.0007876
0.0007952
0.0007717
0.0007994
0.0007748
0.0007882
0.0008114
0.0007879
0.0007864
0.0007772
0.0007762
0.0007826
0.0007828
0.000782
0.0007834
0.0007741
0.0007792
0.0007899
0.0008293
0.0007721
0.0007663
0.000761
0.0008118
0.0007685
0.0007635
0.0007656
0.0007589
0.0007935
0.0007975
0.0007684
0.00077
0.0007602
0.0007904
0.0008243
0.0007748
0.0007746
0.0007664
0.0010077
0.0007712
0.0007676
0.0007633
0.0007706
0.0007666
0.0007635
0.0007751
0.0007904
0.0007729
0.00078
0.0007741
0.0007786
0.000797
0.0007793
0.0007763
0.0007723
0.0007825
0.0007645
0.000766
0.0007637
0.0007606
0.0007636
0.0007971
0.000759
0.0007819
0.000799
0.0007662
