8.69e-05
0.0002385
0.0001881
0.0001488
4.85e-05
0.0001242
0.0001246
7.96e-05
0.0001177
6.6e-05
0.0005731
0.0001567
0.0002124
0.0001386
0.0001995
0.0001166
7.92e-05
0.0001963
0.0001229
8e-05
9.42e-05
0.000122
0.0001137
0.0001481
6.4e-05
0.0002938
0.0001731
0.0001154
0.0001067
0.0001874
0.0002505
0.000182
0.0001405
0.0002475
0.0002868
0.0001906
0.0002969
0.0001456
0.0001363
0.0001584
5.44e-05
0.0001652
0.0001413
0.0001928
0.0001716
0.0001598
0.0001352
0.0001621
0.0003811
0.0001433
5.63e-05
0.0003432
0.0002944
0.0002478
0.0001842
0.0001928
0.000199
0.0001001
0.0002166
0.0001003
0.0001576
0.0001194
0.0001049
0.000123
0.0001078
5.87e-05
0.0002137
9.12e-05
0.0003729
0.000101
9.62e-05
0.0001461
0.000139
0.0001406
0.0001122
0.0001689
0.0001452
4.62e-05
0.0001321
0.000137
9.8e-05
9.25e-05
0.0001276
0.0002329
0.0001425
0.0003483
0.0003864
8.64e-05
6.5e-05
0.00012
4.35e-05
0.0002098
0.0003605
0.0002533
0.0001044
8.93e-05
0.0001239
0.0001802
0.0003095
8.07e-05
