0.0030839
0.0022123
0.0012153
0.0019019
0.0031371
0.0173849
0.0029038
0.0100339
0.0023118
0.0010466
0.0069127
0.0163269
0.0060923
0.0022994
0.003482
0.0017896
0.0014668
0.0074184
0.0037514
0.0034001
0.0082159
0.0057785
0.0019429
0.0051385
0.0054279
0.0022028
0.0017803
0.0022318
0.0019677
0.0032438
0.0026961
0.0048657
0.0026664
0.0032633
0.0039911
0.0083641
0.0008848
0.0031418
0.00131
0.0009819
0.0009397
0.0049667
0.0002167
0.0029779
0.0014618
0.0018554
0.0017468
0.0085817
0.0108452
0.0018845
0.0008017
0.0005405
0.0099699
0.0023956
0.0025691
0.0013389
0.0013822
0.0120521
0.0056928
0.0017913
0.0050336
0.0053194
0.00273
0.0017961
0.0017027
0.0078215
0.0055928
0.0032467
0.0011377
0.0034667
0.0092624
0.0016957
0.0018712
0.0013208
0.0031829
0.0024232
0.0026819
0.0020673
0.0063288
0.0010123
0.0014911
0.0015008
0.0037864
0.001086
0.0016422
0.0076921
0.0037865
0.0017039
0.0012394
0.0007952
0.0024247
0.0059122
0.0027067
0.0014948
0.0025599
0.0028713
0.0129765
0.0011701
0.0046719
0.00038
